#
# Seq 24 Init File
#


[midi-control]
408
0 [1 0 193   0   0   0] [0 0   0   0   0   0] [0 0   0   0   0   0]
1 [1 0 193   1   0   0] [0 0   0   0   0   0] [0 0   0   0   0   0]
2 [1 0 193   2   0   0] [0 0   0   0   0   0] [0 0   0   0   0   0]
3 [1 0 193   3   0   0] [0 0   0   0   0   0] [0 0   0   0   0   0]
4 [1 0 193   4   0   0] [0 0   0   0   0   0] [0 0   0   0   0   0]
5 [0 0   0   0   0   0] [0 0   0   0   0   0] [0 0   0   0   0   0]
6 [0 0   0   0   0   0] [0 0   0   0   0   0] [0 0   0   0   0   0]
7 [0 0   0   0   0   0] [0 0   0   0   0   0] [0 0   0   0   0   0]
8 [0 0   0   0   0   0] [0 0   0   0   0   0] [0 0   0   0   0   0]
9 [0 0   0   0   0   0] [0 0   0   0   0   0] [0 0   0   0   0   0]
10 [1 0 193   5   0   0] [0 0   0   0   0   0] [0 0   0   0   0   0]
11 [1 0 193   6   0   0] [0 0   0   0   0   0] [0 0   0   0   0   0]
12 [1 0 193   7   0   0] [0 0   0   0   0   0] [0 0   0   0   0   0]
13 [1 0 193   8   0   0] [0 0   0   0   0   0] [0 0   0   0   0   0]
14 [1 0 193   9   0   0] [0 0   0   0   0   0] [0 0   0   0   0   0]
15 [1 0 193  10   0   0] [0 0   0   0   0   0] [0 0   0   0   0   0]
16 [1 0 193  11   0   0] [0 0   0   0   0   0] [0 0   0   0   0   0]
17 [1 0 193  12   0   0] [0 0   0   0   0   0] [0 0   0   0   0   0]
18 [0 0   0   0   0   0] [0 0   0   0   0   0] [0 0   0   0   0   0]
19 [0 0   0   0   0   0] [0 0   0   0   0   0] [0 0   0   0   0   0]
20 [0 0   0   0   0   0] [0 0   0   0   0   0] [0 0   0   0   0   0]
21 [0 0   0   0   0   0] [0 0   0   0   0   0] [0 0   0   0   0   0]
22 [0 0   0   0   0   0] [0 0   0   0   0   0] [0 0   0   0   0   0]
23 [1 0 193  13   0   0] [0 0   0   0   0   0] [0 0   0   0   0   0]
24 [1 0 193  14   0   0] [0 0   0   0   0   0] [0 0   0   0   0   0]
25 [1 0 193  15   0   0] [0 0   0   0   0   0] [0 0   0   0   0   0]
26 [1 0 193  16   0   0] [0 0   0   0   0   0] [0 0   0   0   0   0]
27 [1 0 193  17   0   0] [0 0   0   0   0   0] [0 0   0   0   0   0]
28 [1 0 193  18   0   0] [0 0   0   0   0   0] [0 0   0   0   0   0]
29 [1 0 193  19   0   0] [0 0   0   0   0   0] [0 0   0   0   0   0]
30 [1 0 193  20   0   0] [0 0   0   0   0   0] [0 0   0   0   0   0]
31 [0 0   0   0   0   0] [0 0   0   0   0   0] [0 0   0   0   0   0]
32 [0 0   0   0   0   0] [0 0   0   0   0   0] [0 0   0   0   0   0]
33 [0 0   0   0   0   0] [0 0   0   0   0   0] [0 0   0   0   0   0]
34 [0 0   0   0   0   0] [0 0   0   0   0   0] [0 0   0   0   0   0]
35 [0 0   0   0   0   0] [0 0   0   0   0   0] [0 0   0   0   0   0]
36 [1 0 193  21   0   0] [0 0   0   0   0   0] [0 0   0   0   0   0]
37 [1 0 193  22   0   0] [0 0   0   0   0   0] [0 0   0   0   0   0]
38 [1 0 193  23   0   0] [0 0   0   0   0   0] [0 0   0   0   0   0]
39 [1 0 193  24   0   0] [0 0   0   0   0   0] [0 0   0   0   0   0]
40 [1 0 193  25   0   0] [0 0   0   0   0   0] [0 0   0   0   0   0]
41 [1 0 193  26   0   0] [0 0   0   0   0   0] [0 0   0   0   0   0]
42 [1 0 193  27   0   0] [0 0   0   0   0   0] [0 0   0   0   0   0]
43 [1 0 193  28   0   0] [0 0   0   0   0   0] [0 0   0   0   0   0]
44 [0 0   0   0   0   0] [0 0   0   0   0   0] [0 0   0   0   0   0]
45 [0 0   0   0   0   0] [0 0   0   0   0   0] [0 0   0   0   0   0]
46 [0 0   0   0   0   0] [0 0   0   0   0   0] [0 0   0   0   0   0]
47 [0 0   0   0   0   0] [0 0   0   0   0   0] [0 0   0   0   0   0]
48 [0 0   0   0   0   0] [0 0   0   0   0   0] [0 0   0   0   0   0]
49 [1 0 193  29   0   0] [0 0   0   0   0   0] [0 0   0   0   0   0]
50 [1 0 193  30   0   0] [0 0   0   0   0   0] [0 0   0   0   0   0]
51 [1 0 193  31   0   0] [0 0   0   0   0   0] [0 0   0   0   0   0]
52 [1 0 193  32   0   0] [0 0   0   0   0   0] [0 0   0   0   0   0]
53 [1 0 193  33   0   0] [0 0   0   0   0   0] [0 0   0   0   0   0]
54 [1 0 193  34   0   0] [0 0   0   0   0   0] [0 0   0   0   0   0]
55 [1 0 193  35   0   0] [0 0   0   0   0   0] [0 0   0   0   0   0]
56 [1 0 193  36   0   0] [0 0   0   0   0   0] [0 0   0   0   0   0]
57 [0 0   0   0   0   0] [0 0   0   0   0   0] [0 0   0   0   0   0]
58 [0 0   0   0   0   0] [0 0   0   0   0   0] [0 0   0   0   0   0]
59 [0 0   0   0   0   0] [0 0   0   0   0   0] [0 0   0   0   0   0]
60 [0 0   0   0   0   0] [0 0   0   0   0   0] [0 0   0   0   0   0]
61 [0 0   0   0   0   0] [0 0   0   0   0   0] [0 0   0   0   0   0]
62 [1 0 193  37   0   0] [0 0   0   0   0   0] [0 0   0   0   0   0]
63 [1 0 193  38   0   0] [0 0   0   0   0   0] [0 0   0   0   0   0]
64 [1 0 193  39   0   0] [0 0   0   0   0   0] [0 0   0   0   0   0]
65 [1 0 193  40   0   0] [0 0   0   0   0   0] [0 0   0   0   0   0]
66 [1 0 193  41   0   0] [0 0   0   0   0   0] [0 0   0   0   0   0]
67 [1 0 193  42   0   0] [0 0   0   0   0   0] [0 0   0   0   0   0]
68 [1 0 193  43   0   0] [0 0   0   0   0   0] [0 0   0   0   0   0]
69 [1 0 193  44   0   0] [0 0   0   0   0   0] [0 0   0   0   0   0]
70 [0 0   0   0   0   0] [0 0   0   0   0   0] [0 0   0   0   0   0]
71 [0 0   0   0   0   0] [0 0   0   0   0   0] [0 0   0   0   0   0]
72 [0 0   0   0   0   0] [0 0   0   0   0   0] [0 0   0   0   0   0]
73 [0 0   0   0   0   0] [0 0   0   0   0   0] [0 0   0   0   0   0]
74 [0 0   0   0   0   0] [0 0   0   0   0   0] [0 0   0   0   0   0]
75 [1 0 193  45   0   0] [0 0   0   0   0   0] [0 0   0   0   0   0]
76 [1 0 193  46   0   0] [0 0   0   0   0   0] [0 0   0   0   0   0]
77 [1 0 193  47   0   0] [0 0   0   0   0   0] [0 0   0   0   0   0]
78 [1 0 193  48   0   0] [0 0   0   0   0   0] [0 0   0   0   0   0]
79 [1 0 193  49   0   0] [0 0   0   0   0   0] [0 0   0   0   0   0]
80 [1 0 193  50   0   0] [0 0   0   0   0   0] [0 0   0   0   0   0]
81 [1 0 193  51   0   0] [0 0   0   0   0   0] [0 0   0   0   0   0]
82 [1 0 193  52   0   0] [0 0   0   0   0   0] [0 0   0   0   0   0]
83 [0 0   0   0   0   0] [0 0   0   0   0   0] [0 0   0   0   0   0]
84 [0 0   0   0   0   0] [0 0   0   0   0   0] [0 0   0   0   0   0]
85 [0 0   0   0   0   0] [0 0   0   0   0   0] [0 0   0   0   0   0]
86 [0 0   0   0   0   0] [0 0   0   0   0   0] [0 0   0   0   0   0]
87 [0 0   0   0   0   0] [0 0   0   0   0   0] [0 0   0   0   0   0]
88 [1 0 193  53   0   0] [0 0   0   0   0   0] [0 0   0   0   0   0]
89 [1 0 193  54   0   0] [0 0   0   0   0   0] [0 0   0   0   0   0]
90 [1 0 193  55   0   0] [0 0   0   0   0   0] [0 0   0   0   0   0]
91 [1 0 193  56   0   0] [0 0   0   0   0   0] [0 0   0   0   0   0]
92 [1 0 193  57   0   0] [0 0   0   0   0   0] [0 0   0   0   0   0]
93 [1 0 193  58   0   0] [0 0   0   0   0   0] [0 0   0   0   0   0]
94 [1 0 193  59   0   0] [0 0   0   0   0   0] [0 0   0   0   0   0]
95 [1 0 193  60   0   0] [0 0   0   0   0   0] [0 0   0   0   0   0]
96 [0 0   0   0   0   0] [0 0   0   0   0   0] [0 0   0   0   0   0]
97 [0 0   0   0   0   0] [0 0   0   0   0   0] [0 0   0   0   0   0]
98 [0 0   0   0   0   0] [0 0   0   0   0   0] [0 0   0   0   0   0]
99 [0 0   0   0   0   0] [0 0   0   0   0   0] [0 0   0   0   0   0]
100 [0 0   0   0   0   0] [0 0   0   0   0   0] [0 0   0   0   0   0]
101 [1 0 193  61   0   0] [0 0   0   0   0   0] [0 0   0   0   0   0]
102 [1 0 193  62   0   0] [0 0   0   0   0   0] [0 0   0   0   0   0]
103 [1 0 193  63   0   0] [0 0   0   0   0   0] [0 0   0   0   0   0]
104 [1 0 193  64   0   0] [0 0   0   0   0   0] [0 0   0   0   0   0]
105 [1 0 193  65   0   0] [0 0   0   0   0   0] [0 0   0   0   0   0]
106 [1 0 193  66   0   0] [0 0   0   0   0   0] [0 0   0   0   0   0]
107 [1 0 193  67   0   0] [0 0   0   0   0   0] [0 0   0   0   0   0]
108 [1 0 193  68   0   0] [0 0   0   0   0   0] [0 0   0   0   0   0]
109 [0 0   0   0   0   0] [0 0   0   0   0   0] [0 0   0   0   0   0]
110 [0 0   0   0   0   0] [0 0   0   0   0   0] [0 0   0   0   0   0]
111 [0 0   0   0   0   0] [0 0   0   0   0   0] [0 0   0   0   0   0]
112 [0 0   0   0   0   0] [0 0   0   0   0   0] [0 0   0   0   0   0]
113 [0 0   0   0   0   0] [0 0   0   0   0   0] [0 0   0   0   0   0]
114 [1 0 193  69   0   0] [0 0   0   0   0   0] [0 0   0   0   0   0]
115 [1 0 193  70   0   0] [0 0   0   0   0   0] [0 0   0   0   0   0]
116 [1 0 193  71   0   0] [0 0   0   0   0   0] [0 0   0   0   0   0]
117 [1 0 193  72   0   0] [0 0   0   0   0   0] [0 0   0   0   0   0]
118 [1 0 193  73   0   0] [0 0   0   0   0   0] [0 0   0   0   0   0]
119 [1 0 193  74   0   0] [0 0   0   0   0   0] [0 0   0   0   0   0]
120 [1 0 193  75   0   0] [0 0   0   0   0   0] [0 0   0   0   0   0]
121 [1 0 193  76   0   0] [0 0   0   0   0   0] [0 0   0   0   0   0]
122 [0 0   0   0   0   0] [0 0   0   0   0   0] [0 0   0   0   0   0]
123 [0 0   0   0   0   0] [0 0   0   0   0   0] [0 0   0   0   0   0]
124 [0 0   0   0   0   0] [0 0   0   0   0   0] [0 0   0   0   0   0]
125 [0 0   0   0   0   0] [0 0   0   0   0   0] [0 0   0   0   0   0]
126 [0 0   0   0   0   0] [0 0   0   0   0   0] [0 0   0   0   0   0]
127 [1 0 193  77   0   0] [0 0   0   0   0   0] [0 0   0   0   0   0]
128 [1 0 193  78   0   0] [0 0   0   0   0   0] [0 0   0   0   0   0]
129 [1 0 193  79   0   0] [0 0   0   0   0   0] [0 0   0   0   0   0]
130 [1 0 193  80   0   0] [0 0   0   0   0   0] [0 0   0   0   0   0]
131 [1 0 193  81   0   0] [0 0   0   0   0   0] [0 0   0   0   0   0]
132 [1 0 193  82   0   0] [0 0   0   0   0   0] [0 0   0   0   0   0]
133 [1 0 193  83   0   0] [0 0   0   0   0   0] [0 0   0   0   0   0]
134 [1 0 193  84   0   0] [0 0   0   0   0   0] [0 0   0   0   0   0]
135 [0 0   0   0   0   0] [0 0   0   0   0   0] [0 0   0   0   0   0]
136 [0 0   0   0   0   0] [0 0   0   0   0   0] [0 0   0   0   0   0]
137 [0 0   0   0   0   0] [0 0   0   0   0   0] [0 0   0   0   0   0]
138 [0 0   0   0   0   0] [0 0   0   0   0   0] [0 0   0   0   0   0]
139 [0 0   0   0   0   0] [0 0   0   0   0   0] [0 0   0   0   0   0]
140 [1 0 193  85   0   0] [0 0   0   0   0   0] [0 0   0   0   0   0]
141 [1 0 193  86   0   0] [0 0   0   0   0   0] [0 0   0   0   0   0]
142 [1 0 193  87   0   0] [0 0   0   0   0   0] [0 0   0   0   0   0]
143 [1 0 193  88   0   0] [0 0   0   0   0   0] [0 0   0   0   0   0]
144 [1 0 193  89   0   0] [0 0   0   0   0   0] [0 0   0   0   0   0]
145 [1 0 193  90   0   0] [0 0   0   0   0   0] [0 0   0   0   0   0]
146 [1 0 193  91   0   0] [0 0   0   0   0   0] [0 0   0   0   0   0]
147 [1 0 193  92   0   0] [0 0   0   0   0   0] [0 0   0   0   0   0]
148 [0 0   0   0   0   0] [0 0   0   0   0   0] [0 0   0   0   0   0]
149 [0 0   0   0   0   0] [0 0   0   0   0   0] [0 0   0   0   0   0]
150 [0 0   0   0   0   0] [0 0   0   0   0   0] [0 0   0   0   0   0]
151 [0 0   0   0   0   0] [0 0   0   0   0   0] [0 0   0   0   0   0]
152 [0 0   0   0   0   0] [0 0   0   0   0   0] [0 0   0   0   0   0]
153 [1 0 193  93   0   0] [0 0   0   0   0   0] [0 0   0   0   0   0]
154 [1 0 193  94   0   0] [0 0   0   0   0   0] [0 0   0   0   0   0]
155 [1 0 193  95   0   0] [0 0   0   0   0   0] [0 0   0   0   0   0]
156 [1 0 193  96   0   0] [0 0   0   0   0   0] [0 0   0   0   0   0]
157 [1 0 193  97   0   0] [0 0   0   0   0   0] [0 0   0   0   0   0]
158 [1 0 193  98   0   0] [0 0   0   0   0   0] [0 0   0   0   0   0]
159 [1 0 193  99   0   0] [0 0   0   0   0   0] [0 0   0   0   0   0]
160 [1 0 193 100   0   0] [0 0   0   0   0   0] [0 0   0   0   0   0]
161 [0 0   0   0   0   0] [0 0   0   0   0   0] [0 0   0   0   0   0]
162 [0 0   0   0   0   0] [0 0   0   0   0   0] [0 0   0   0   0   0]
163 [0 0   0   0   0   0] [0 0   0   0   0   0] [0 0   0   0   0   0]
164 [0 0   0   0   0   0] [0 0   0   0   0   0] [0 0   0   0   0   0]
165 [0 0   0   0   0   0] [0 0   0   0   0   0] [0 0   0   0   0   0]
166 [1 0 193 101   0   0] [0 0   0   0   0   0] [0 0   0   0   0   0]
167 [1 0 193 102   0   0] [0 0   0   0   0   0] [0 0   0   0   0   0]
168 [1 0 193 103   0   0] [0 0   0   0   0   0] [0 0   0   0   0   0]
169 [1 0 193 104   0   0] [0 0   0   0   0   0] [0 0   0   0   0   0]
170 [1 0 193 105   0   0] [0 0   0   0   0   0] [0 0   0   0   0   0]
171 [1 0 193 106   0   0] [0 0   0   0   0   0] [0 0   0   0   0   0]
172 [1 0 193 107   0   0] [0 0   0   0   0   0] [0 0   0   0   0   0]
173 [1 0 193 108   0   0] [0 0   0   0   0   0] [0 0   0   0   0   0]
174 [0 0   0   0   0   0] [0 0   0   0   0   0] [0 0   0   0   0   0]
175 [0 0   0   0   0   0] [0 0   0   0   0   0] [0 0   0   0   0   0]
176 [0 0   0   0   0   0] [0 0   0   0   0   0] [0 0   0   0   0   0]
177 [0 0   0   0   0   0] [0 0   0   0   0   0] [0 0   0   0   0   0]
178 [0 0   0   0   0   0] [0 0   0   0   0   0] [0 0   0   0   0   0]
179 [1 0 193 109   0   0] [0 0   0   0   0   0] [0 0   0   0   0   0]
180 [1 0 193 110   0   0] [0 0   0   0   0   0] [0 0   0   0   0   0]
181 [1 0 193 111   0   0] [0 0   0   0   0   0] [0 0   0   0   0   0]
# mute in group
182 [0 0   0   0   0   0] [1 0 192   2   0   0] [0 0   0   0   0   0]
183 [0 0   0   0   0   0] [1 0 192   3   0   0] [0 0   0   0   0   0]
184 [0 0   0   0   0   0] [1 0 192   4   0   0] [0 0   0   0   0   0]
185 [0 0   0   0   0   0] [1 0 192   5   0   0] [0 0   0   0   0   0]
186 [0 0   0   0   0   0] [1 0 192   6   0   0] [0 0   0   0   0   0]
187 [0 0   0   0   0   0] [1 0 192   7   0   0] [0 0   0   0   0   0]
188 [0 0   0   0   0   0] [1 0 192   8   0   0] [0 0   0   0   0   0]
189 [0 0   0   0   0   0] [1 0 192   9   0   0] [0 0   0   0   0   0]
190 [0 0   0   0   0   0] [1 0 192  10   0   0] [0 0   0   0   0   0]
191 [0 0   0   0   0   0] [1 0 192  11   0   0] [0 0   0   0   0   0]
192 [0 0   0   0   0   0] [1 0 192  12   0   0] [0 0   0   0   0   0]
193 [0 0   0   0   0   0] [1 0 192  13   0   0] [0 0   0   0   0   0]
194 [0 0   0   0   0   0] [1 0 192  14   0   0] [0 0   0   0   0   0]
195 [0 0   0   0   0   0] [1 0 192  15   0   0] [0 0   0   0   0   0]
196 [0 0   0   0   0   0] [1 0 192  16   0   0] [0 0   0   0   0   0]
197 [0 0   0   0   0   0] [1 0 192  17   0   0] [0 0   0   0   0   0]
198 [0 0   0   0   0   0] [1 0 192  18   0   0] [0 0   0   0   0   0]
199 [0 0   0   0   0   0] [1 0 192  19   0   0] [0 0   0   0   0   0]
200 [0 0   0   0   0   0] [1 0 192  20   0   0] [0 0   0   0   0   0]
201 [0 0   0   0   0   0] [1 0 192  21   0   0] [0 0   0   0   0   0]
202 [0 0   0   0   0   0] [1 0 192  22   0   0] [0 0   0   0   0   0]
203 [0 0   0   0   0   0] [1 0 192  23   0   0] [0 0   0   0   0   0]
204 [0 0   0   0   0   0] [1 0 192  24   0   0] [0 0   0   0   0   0]
205 [0 0   0   0   0   0] [1 0 192  25   0   0] [0 0   0   0   0   0]
206 [0 0   0   0   0   0] [1 0 192  26   0   0] [0 0   0   0   0   0]
207 [0 0   0   0   0   0] [1 0 192  27   0   0] [0 0   0   0   0   0]
208 [0 0   0   0   0   0] [1 0 192  28   0   0] [0 0   0   0   0   0]
209 [0 0   0   0   0   0] [1 0 192  29   0   0] [0 0   0   0   0   0]
210 [0 0   0   0   0   0] [1 0 192  30   0   0] [0 0   0   0   0   0]
211 [0 0   0   0   0   0] [1 0 192  31   0   0] [0 0   0   0   0   0]
212 [0 0   0   0   0   0] [1 0 192  32   0   0] [0 0   0   0   0   0]
213 [0 0   0   0   0   0] [1 0 192  33   0   0] [0 0   0   0   0   0]
214 [0 0   0   0   0   0] [1 0 192  34   0   0] [0 0   0   0   0   0]
215 [0 0   0   0   0   0] [1 0 192  35   0   0] [0 0   0   0   0   0]
216 [0 0   0   0   0   0] [1 0 192  36   0   0] [0 0   0   0   0   0]
217 [0 0   0   0   0   0] [1 0 192  37   0   0] [0 0   0   0   0   0]
218 [0 0   0   0   0   0] [1 0 192  38   0   0] [0 0   0   0   0   0]
219 [0 0   0   0   0   0] [1 0 192  39   0   0] [0 0   0   0   0   0]
220 [0 0   0   0   0   0] [1 0 192  40   0   0] [0 0   0   0   0   0]
221 [0 0   0   0   0   0] [1 0 192  41   0   0] [0 0   0   0   0   0]
222 [0 0   0   0   0   0] [1 0 192  42   0   0] [0 0   0   0   0   0]
223 [0 0   0   0   0   0] [1 0 192  43   0   0] [0 0   0   0   0   0]
224 [0 0   0   0   0   0] [1 0 192  44   0   0] [0 0   0   0   0   0]
225 [0 0   0   0   0   0] [1 0 192  45   0   0] [0 0   0   0   0   0]
226 [0 0   0   0   0   0] [1 0 192  46   0   0] [0 0   0   0   0   0]
227 [0 0   0   0   0   0] [1 0 192  47   0   0] [0 0   0   0   0   0]
228 [0 0   0   0   0   0] [1 0 192  48   0   0] [0 0   0   0   0   0]
229 [0 0   0   0   0   0] [1 0 192  49   0   0] [0 0   0   0   0   0]
230 [0 0   0   0   0   0] [1 0 192  50   0   0] [0 0   0   0   0   0]
231 [0 0   0   0   0   0] [1 0 192  51   0   0] [0 0   0   0   0   0]
232 [0 0   0   0   0   0] [1 0 192  52   0   0] [0 0   0   0   0   0]
233 [0 0   0   0   0   0] [1 0 192  53   0   0] [0 0   0   0   0   0]
234 [0 0   0   0   0   0] [1 0 192  54   0   0] [0 0   0   0   0   0]
235 [0 0   0   0   0   0] [1 0 192  55   0   0] [0 0   0   0   0   0]
236 [0 0   0   0   0   0] [1 0 192  56   0   0] [0 0   0   0   0   0]
237 [0 0   0   0   0   0] [1 0 192  57   0   0] [0 0   0   0   0   0]
238 [0 0   0   0   0   0] [1 0 192  58   0   0] [0 0   0   0   0   0]
239 [0 0   0   0   0   0] [1 0 192  59   0   0] [0 0   0   0   0   0]
240 [0 0   0   0   0   0] [1 0 192  60   0   0] [0 0   0   0   0   0]
241 [0 0   0   0   0   0] [1 0 192  61   0   0] [0 0   0   0   0   0]
242 [0 0   0   0   0   0] [1 0 192  62   0   0] [0 0   0   0   0   0]
243 [0 0   0   0   0   0] [1 0 192  63   0   0] [0 0   0   0   0   0]
244 [0 0   0   0   0   0] [1 0 192  64   0   0] [0 0   0   0   0   0]
245 [0 0   0   0   0   0] [1 0 192  65   0   0] [0 0   0   0   0   0]
246 [0 0   0   0   0   0] [1 0 192  66   0   0] [0 0   0   0   0   0]
247 [0 0   0   0   0   0] [1 0 192  67   0   0] [0 0   0   0   0   0]
248 [0 0   0   0   0   0] [1 0 192  68   0   0] [0 0   0   0   0   0]
249 [0 0   0   0   0   0] [1 0 192  69   0   0] [0 0   0   0   0   0]
250 [0 0   0   0   0   0] [1 0 192  70   0   0] [0 0   0   0   0   0]
251 [0 0   0   0   0   0] [1 0 192  71   0   0] [0 0   0   0   0   0]
252 [0 0   0   0   0   0] [1 0 192  72   0   0] [0 0   0   0   0   0]
253 [0 0   0   0   0   0] [1 0 192  73   0   0] [0 0   0   0   0   0]
254 [0 0   0   0   0   0] [1 0 192  74   0   0] [0 0   0   0   0   0]
255 [0 0   0   0   0   0] [1 0 192  75   0   0] [0 0   0   0   0   0]
256 [0 0   0   0   0   0] [1 0 192  76   0   0] [0 0   0   0   0   0]
257 [0 0   0   0   0   0] [1 0 192  77   0   0] [0 0   0   0   0   0]
258 [0 0   0   0   0   0] [1 0 192  78   0   0] [0 0   0   0   0   0]
259 [0 0   0   0   0   0] [1 0 192  79   0   0] [0 0   0   0   0   0]
260 [0 0   0   0   0   0] [1 0 192  80   0   0] [0 0   0   0   0   0]
261 [0 0   0   0   0   0] [1 0 192  81   0   0] [0 0   0   0   0   0]
262 [0 0   0   0   0   0] [1 0 192  82   0   0] [0 0   0   0   0   0]
263 [0 0   0   0   0   0] [1 0 192  83   0   0] [0 0   0   0   0   0]
264 [0 0   0   0   0   0] [1 0 192  84   0   0] [0 0   0   0   0   0]
265 [0 0   0   0   0   0] [1 0 192  85   0   0] [0 0   0   0   0   0]
266 [0 0   0   0   0   0] [1 0 192  86   0   0] [0 0   0   0   0   0]
267 [0 0   0   0   0   0] [1 0 192  87   0   0] [0 0   0   0   0   0]
268 [0 0   0   0   0   0] [1 0 192  88   0   0] [0 0   0   0   0   0]
269 [0 0   0   0   0   0] [1 0 192  89   0   0] [0 0   0   0   0   0]
270 [0 0   0   0   0   0] [1 0 192  90   0   0] [0 0   0   0   0   0]
271 [0 0   0   0   0   0] [1 0 192  91   0   0] [0 0   0   0   0   0]
272 [0 0   0   0   0   0] [1 0 192  92   0   0] [0 0   0   0   0   0]
273 [0 0   0   0   0   0] [1 0 192  93   0   0] [0 0   0   0   0   0]
274 [0 0   0   0   0   0] [1 0 192  94   0   0] [0 0   0   0   0   0]
275 [0 0   0   0   0   0] [1 0 192  95   0   0] [0 0   0   0   0   0]
276 [0 0   0   0   0   0] [1 0 192  96   0   0] [0 0   0   0   0   0]
277 [0 0   0   0   0   0] [1 0 192  97   0   0] [0 0   0   0   0   0]
278 [0 0   0   0   0   0] [1 0 192  98   0   0] [0 0   0   0   0   0]
279 [0 0   0   0   0   0] [1 0 192  99   0   0] [0 0   0   0   0   0]
280 [0 0   0   0   0   0] [1 0 192 100   0   0] [0 0   0   0   0   0]
281 [0 0   0   0   0   0] [1 0 192 101   0   0] [0 0   0   0   0   0]
282 [0 0   0   0   0   0] [1 0 192 102   0   0] [0 0   0   0   0   0]
283 [0 0   0   0   0   0] [1 0 192 103   0   0] [0 0   0   0   0   0]
284 [0 0   0   0   0   0] [1 0 192 104   0   0] [0 0   0   0   0   0]
285 [0 0   0   0   0   0] [1 0 192 105   0   0] [0 0   0   0   0   0]
286 [0 0   0   0   0   0] [1 0 192 106   0   0] [0 0   0   0   0   0]
287 [0 0   0   0   0   0] [1 0 192 107   0   0] [0 0   0   0   0   0]
288 [0 0   0   0   0   0] [1 0 192 108   0   0] [0 0   0   0   0   0]
289 [0 0   0   0   0   0] [1 0 192 109   0   0] [0 0   0   0   0   0]
290 [0 0   0   0   0   0] [1 0 192 110   0   0] [0 0   0   0   0   0]
291 [0 0   0   0   0   0] [1 0 192 111   0   0] [0 0   0   0   0   0]
292 [0 0   0   0   0   0] [1 0 192 112   0   0] [0 0   0   0   0   0]
293 [0 0   0   0   0   0] [1 0 192 113   0   0] [0 0   0   0   0   0]
294 [0 0   0   0   0   0] [1 0 192 114   0   0] [0 0   0   0   0   0]
295 [0 0   0   0   0   0] [1 0 192 115   0   0] [0 0   0   0   0   0]
296 [0 0   0   0   0   0] [1 0 192 116   0   0] [0 0   0   0   0   0]
297 [0 0   0   0   0   0] [1 0 192 117   0   0] [0 0   0   0   0   0]
298 [0 0   0   0   0   0] [1 0 192 118   0   0] [0 0   0   0   0   0]
299 [0 0   0   0   0   0] [1 0 192 119   0   0] [0 0   0   0   0   0]
300 [0 0   0   0   0   0] [1 0 192 120   0   0] [0 0   0   0   0   0]
301 [0 0   0   0   0   0] [1 0 192 121   0   0] [0 0   0   0   0   0]
302 [0 0   0   0   0   0] [1 0 192 122   0   0] [0 0   0   0   0   0]
303 [0 0   0   0   0   0] [1 0 192 123   0   0] [0 0   0   0   0   0]
304 [0 0   0   0   0   0] [1 0 192 124   0   0] [0 0   0   0   0   0]
305 [0 0   0   0   0   0] [1 0 192 125   0   0] [0 0   0   0   0   0]
306 [0 0   0   0   0   0] [1 0 192 126   0   0] [0 0   0   0   0   0]
307 [0 0   0   0   0   0] [1 0 192 127   0   0] [0 0   0   0   0   0]
308 [0 0   0   0   0   0] [0 0   0   0   0   0] [0 0   0   0   0   0]
309 [0 0   0   0   0   0] [0 0   0   0   0   0] [0 0   0   0   0   0]
310 [0 0   0   0   0   0] [0 0   0   0   0   0] [0 0   0   0   0   0]
311 [0 0   0   0   0   0] [0 0   0   0   0   0] [0 0   0   0   0   0]
312 [0 0   0   0   0   0] [0 0   0   0   0   0] [0 0   0   0   0   0]
313 [0 0   0   0   0   0] [0 0   0   0   0   0] [0 0   0   0   0   0]
314 [0 0   0   0   0   0] [0 0   0   0   0   0] [0 0   0   0   0   0]
315 [0 0   0   0   0   0] [0 0   0   0   0   0] [0 0   0   0   0   0]
316 [0 0   0   0   0   0] [0 0   0   0   0   0] [0 0   0   0   0   0]
317 [0 0   0   0   0   0] [0 0   0   0   0   0] [0 0   0   0   0   0]
318 [0 0   0   0   0   0] [0 0   0   0   0   0] [0 0   0   0   0   0]
319 [0 0   0   0   0   0] [0 0   0   0   0   0] [0 0   0   0   0   0]
320 [0 0   0   0   0   0] [0 0   0   0   0   0] [0 0   0   0   0   0]
321 [0 0   0   0   0   0] [0 0   0   0   0   0] [0 0   0   0   0   0]
322 [0 0   0   0   0   0] [0 0   0   0   0   0] [0 0   0   0   0   0]
323 [0 0   0   0   0   0] [0 0   0   0   0   0] [0 0   0   0   0   0]
324 [0 0   0   0   0   0] [0 0   0   0   0   0] [0 0   0   0   0   0]
325 [0 0   0   0   0   0] [0 0   0   0   0   0] [0 0   0   0   0   0]
326 [0 0   0   0   0   0] [0 0   0   0   0   0] [0 0   0   0   0   0]
327 [0 0   0   0   0   0] [0 0   0   0   0   0] [0 0   0   0   0   0]
328 [0 0   0   0   0   0] [0 0   0   0   0   0] [0 0   0   0   0   0]
329 [0 0   0   0   0   0] [0 0   0   0   0   0] [0 0   0   0   0   0]
330 [0 0   0   0   0   0] [0 0   0   0   0   0] [0 0   0   0   0   0]
331 [0 0   0   0   0   0] [0 0   0   0   0   0] [0 0   0   0   0   0]
332 [0 0   0   0   0   0] [0 0   0   0   0   0] [0 0   0   0   0   0]
333 [0 0   0   0   0   0] [0 0   0   0   0   0] [0 0   0   0   0   0]
334 [0 0   0   0   0   0] [0 0   0   0   0   0] [0 0   0   0   0   0]
335 [0 0   0   0   0   0] [0 0   0   0   0   0] [0 0   0   0   0   0]
336 [0 0   0   0   0   0] [0 0   0   0   0   0] [0 0   0   0   0   0]
337 [0 0   0   0   0   0] [0 0   0   0   0   0] [0 0   0   0   0   0]
338 [0 0   0   0   0   0] [0 0   0   0   0   0] [0 0   0   0   0   0]
339 [0 0   0   0   0   0] [0 0   0   0   0   0] [0 0   0   0   0   0]
340 [0 0   0   0   0   0] [0 0   0   0   0   0] [0 0   0   0   0   0]
341 [0 0   0   0   0   0] [0 0   0   0   0   0] [0 0   0   0   0   0]
342 [0 0   0   0   0   0] [0 0   0   0   0   0] [0 0   0   0   0   0]
343 [0 0   0   0   0   0] [0 0   0   0   0   0] [0 0   0   0   0   0]
344 [0 0   0   0   0   0] [0 0   0   0   0   0] [0 0   0   0   0   0]
345 [0 0   0   0   0   0] [0 0   0   0   0   0] [0 0   0   0   0   0]
346 [0 0   0   0   0   0] [0 0   0   0   0   0] [0 0   0   0   0   0]
347 [0 0   0   0   0   0] [0 0   0   0   0   0] [0 0   0   0   0   0]
348 [0 0   0   0   0   0] [0 0   0   0   0   0] [0 0   0   0   0   0]
349 [0 0   0   0   0   0] [0 0   0   0   0   0] [0 0   0   0   0   0]
350 [0 0   0   0   0   0] [0 0   0   0   0   0] [0 0   0   0   0   0]
351 [0 0   0   0   0   0] [0 0   0   0   0   0] [0 0   0   0   0   0]
352 [0 0   0   0   0   0] [0 0   0   0   0   0] [0 0   0   0   0   0]
353 [0 0   0   0   0   0] [0 0   0   0   0   0] [0 0   0   0   0   0]
354 [0 0   0   0   0   0] [0 0   0   0   0   0] [0 0   0   0   0   0]
355 [0 0   0   0   0   0] [0 0   0   0   0   0] [0 0   0   0   0   0]
356 [0 0   0   0   0   0] [0 0   0   0   0   0] [0 0   0   0   0   0]
357 [0 0   0   0   0   0] [0 0   0   0   0   0] [0 0   0   0   0   0]
358 [0 0   0   0   0   0] [0 0   0   0   0   0] [0 0   0   0   0   0]
359 [0 0   0   0   0   0] [0 0   0   0   0   0] [0 0   0   0   0   0]
360 [0 0   0   0   0   0] [0 0   0   0   0   0] [0 0   0   0   0   0]
361 [0 0   0   0   0   0] [0 0   0   0   0   0] [0 0   0   0   0   0]
362 [0 0   0   0   0   0] [0 0   0   0   0   0] [0 0   0   0   0   0]
363 [0 0   0   0   0   0] [0 0   0   0   0   0] [0 0   0   0   0   0]
# bpm up
364 [0 0   0   0   0   0] [0 0   0   0   0   0] [0 0   0   0   0   0]
# bpm down
365 [0 0   0   0   0   0] [0 0   0   0   0   0] [0 0   0   0   0   0]
# screen set up
366 [0 0   0   0   0   0] [0 0   0   0   0   0] [0 0   0   0   0   0]
# screen set down
367 [0 0   0   0   0   0] [0 0   0   0   0   0] [0 0   0   0   0   0]
# screen set 0
368 [0 0   0   0   0   0] [1 0 193 112   0   0] [0 0   0   0   0   0]
# screen set 1
369 [0 0   0   0   0   0] [1 0 193 113   0   0] [0 0   0   0   0   0]
# screen set 2
370 [0 0   0   0   0   0] [1 0 193 114   0   0] [0 0   0   0   0   0]
# screen set 3
371 [0 0   0   0   0   0] [1 0 193 115   0   0] [0 0   0   0   0   0]
# screen set 4
372 [0 0   0   0   0   0] [1 0 193 116   0   0] [0 0   0   0   0   0]
# screen set 5
373 [0 0   0   0   0   0] [1 0 193 117   0   0] [0 0   0   0   0   0]
# screen set 6
374 [0 0   0   0   0   0] [1 0 193 118   0   0] [0 0   0   0   0   0]
# screen set 7
375 [0 0   0   0   0   0] [1 0 193 119   0   0] [0 0   0   0   0   0]
# screen set 8
376 [0 0   0   0   0   0] [1 0 193 120   0   0] [0 0   0   0   0   0]
# screen set 9
377 [0 0   0   0   0   0] [1 0 193 121   0   0] [0 0   0   0   0   0]
# screen set 10
378 [0 0   0   0   0   0] [1 0 193 122   0   0] [0 0   0   0   0   0]
# screen set 11
379 [0 0   0   0   0   0] [1 0 193 123   0   0] [0 0   0   0   0   0]
# screen set 12
380 [0 0   0   0   0   0] [1 0 193 124   0   0] [0 0   0   0   0   0]
# screen set 13
381 [0 0   0   0   0   0] [1 0 193 125   0   0] [0 0   0   0   0   0]
# screen set 14
382 [0 0   0   0   0   0] [1 0 193 126   0   0] [0 0   0   0   0   0]
# screen set 15
383 [0 0   0   0   0   0] [1 0 193 127   0   0] [0 0   0   0   0   0]
# screen set 16
384 [0 0   0   0   0   0] [0 0   0   0   0   0] [0 0   0   0   0   0]
# screen set 17
385 [0 0   0   0   0   0] [0 0   0   0   0   0] [0 0   0   0   0   0]
# screen set 18
386 [0 0   0   0   0   0] [0 0   0   0   0   0] [0 0   0   0   0   0]
# screen set 19
387 [0 0   0   0   0   0] [0 0   0   0   0   0] [0 0   0   0   0   0]
# screen set 20
388 [0 0   0   0   0   0] [0 0   0   0   0   0] [0 0   0   0   0   0]
# screen set 21
389 [0 0   0   0   0   0] [0 0   0   0   0   0] [0 0   0   0   0   0]
# screen set 22
390 [0 0   0   0   0   0] [0 0   0   0   0   0] [0 0   0   0   0   0]
# screen set 23
391 [0 0   0   0   0   0] [0 0   0   0   0   0] [0 0   0   0   0   0]
# screen set 24
392 [0 0   0   0   0   0] [0 0   0   0   0   0] [0 0   0   0   0   0]
# screen set 25
393 [0 0   0   0   0   0] [0 0   0   0   0   0] [0 0   0   0   0   0]
# screen set 26
394 [0 0   0   0   0   0] [0 0   0   0   0   0] [0 0   0   0   0   0]
# screen set 27
395 [0 0   0   0   0   0] [0 0   0   0   0   0] [0 0   0   0   0   0]
# screen set 28
396 [0 0   0   0   0   0] [0 0   0   0   0   0] [0 0   0   0   0   0]
# screen set 29
397 [0 0   0   0   0   0] [0 0   0   0   0   0] [0 0   0   0   0   0]
# screen set 30
398 [0 0   0   0   0   0] [0 0   0   0   0   0] [0 0   0   0   0   0]
# screen set 31
399 [0 0   0   0   0   0] [0 0   0   0   0   0] [0 0   0   0   0   0]
# mod replace
400 [0 0   0   0   0   0] [0 0   0   0   0   0] [0 0   0   0   0   0]
# mod snapshot
401 [0 0   0   0   0   0] [0 0   0   0   0   0] [0 0   0   0   0   0]
# mod queue
402 [0 0 192   0   0   0] [0 0 192   0   0   0] [0 0 192   1   0   0]
# mod gmute
403 [0 0   0   0   0   0] [0 0   0   0   0   0] [0 0   0   0   0   0]
# mod glearn
404 [0 0   0   0   0   0] [0 0   0   0   0   0] [0 0   0   0   0   0]
# screen set play
405 [0 0 144   2 100 100] [1 0 192   0   0   0] [0 0   0   0   0   0]
# play and reinit jack location
406 [0 0   0   0   0   0] [1 0 192   0   0   0] [0 0   0   0   0   0]
# stop
407 [0 0   0   0   0   0] [1 0 192   1   0   0] [0 0   0   0   0   0]



[mute-group]
33124
0 [1 1 1 1 1 1 1 1] [1 1 0 0 0 0 0 0] [0 0 0 0 0 0 0 0] [0 0 0 0 0 0 0 0]
1 [0 0 0 0 0 0 0 0] [0 0 0 0 0 1 1 1] [1 1 1 1 1 1 1 0] [0 0 0 0 0 0 0 0]
2 [0 0 0 0 0 0 0 0] [0 0 0 0 0 0 0 0] [0 0 0 0 0 0 0 0] [0 0 1 1 1 1 1 1]
3 [0 0 0 0 0 0 0 0] [0 0 0 0 0 0 0 0] [0 0 0 0 0 0 0 0] [0 0 0 0 0 0 0 0]
4 [0 0 0 0 0 0 0 0] [0 0 0 0 0 0 0 0] [0 0 0 0 0 0 0 0] [0 0 0 0 0 0 0 0]
5 [0 0 0 0 0 0 0 0] [0 0 0 0 0 0 0 0] [0 0 0 0 0 0 0 0] [0 0 0 0 0 0 0 0]
6 [0 0 0 0 0 0 0 0] [0 0 0 0 0 0 0 0] [0 0 0 0 0 0 0 0] [0 0 0 0 0 0 0 0]
7 [0 0 0 0 0 0 0 0] [0 0 0 0 0 0 0 0] [0 0 0 0 0 0 0 0] [0 0 0 0 0 0 0 0]
8 [0 0 0 0 0 0 0 0] [0 0 0 0 0 0 0 0] [0 0 0 0 0 0 0 0] [0 0 0 0 0 0 0 0]
9 [0 0 0 0 0 0 0 0] [0 0 0 0 0 0 0 0] [0 0 0 0 0 0 0 0] [0 0 0 0 0 0 0 0]
10 [0 0 0 0 0 0 0 0] [0 0 0 0 0 0 0 0] [0 0 0 0 0 0 0 0] [0 0 0 0 0 0 0 0]
11 [0 0 0 0 0 0 0 0] [0 0 0 0 0 0 0 0] [0 0 0 0 0 0 0 0] [0 0 0 0 0 0 0 0]
12 [0 0 0 0 0 0 0 0] [0 0 0 0 0 0 0 0] [0 0 0 0 0 0 0 0] [0 0 0 0 0 0 0 0]
13 [0 0 0 0 0 0 0 0] [0 0 0 0 0 0 0 0] [0 0 0 0 0 0 0 0] [0 0 0 0 0 0 0 0]
14 [0 0 0 0 0 0 0 0] [0 0 0 0 0 0 0 0] [0 0 0 0 0 0 0 0] [0 0 0 0 0 0 0 0]
15 [0 1 1 0 0 0 1 1] [0 0 0 0 0 0 0 0] [0 0 0 0 0 0 0 0] [0 0 0 0 0 0 0 0]
16 [1 1 1 1 0 1 1 0] [0 0 0 1 0 0 0 0] [0 0 0 0 0 0 0 0] [0 0 0 0 0 0 0 0]
17 [0 0 0 0 0 0 1 0] [0 0 0 0 0 0 0 0] [0 0 1 1 0 0 0 0] [0 0 0 0 0 0 0 0]
18 [0 0 0 0 0 0 0 0] [0 0 0 0 0 0 0 0] [0 0 0 0 0 0 0 0] [0 0 0 1 1 1 1 1]
19 [0 0 0 0 0 0 0 0] [0 0 0 0 0 0 0 0] [0 0 0 0 0 0 0 0] [0 0 0 0 1 1 1 1]
20 [0 0 0 0 0 0 0 0] [0 0 0 0 0 0 0 0] [0 0 0 0 0 0 0 0] [0 0 0 0 0 0 1 1]
21 [0 0 0 0 0 0 0 0] [0 0 0 0 0 0 0 0] [0 0 0 0 0 0 0 0] [0 0 0 0 0 0 0 0]
22 [0 0 0 0 0 0 0 0] [0 0 0 0 0 0 0 0] [0 0 0 0 0 0 0 0] [0 0 0 0 0 0 0 0]
23 [0 0 0 0 0 0 0 0] [0 0 0 0 0 0 0 0] [0 0 0 0 0 0 0 0] [0 0 0 0 0 0 0 0]
24 [0 0 0 0 0 0 0 0] [0 0 0 0 0 0 0 0] [0 0 0 0 0 0 0 0] [0 0 0 0 0 0 0 0]
25 [0 0 0 0 0 0 0 0] [0 0 0 0 0 0 0 0] [0 0 0 0 0 0 0 0] [0 0 0 0 0 0 0 0]
26 [1 1 1 1 1 1 0 0] [0 1 0 0 0 0 0 0] [0 0 0 0 0 0 0 0] [0 1 0 0 0 0 0 0]
27 [1 1 1 1 1 1 0 0] [0 1 1 0 0 0 0 0] [0 0 0 0 0 0 0 0] [0 0 0 0 0 0 0 0]
28 [1 0 1 1 1 1 0 0] [0 1 1 1 0 0 0 0] [0 0 0 0 0 0 0 0] [0 1 0 0 0 0 0 0]
29 [0 0 1 1 1 1 0 0] [0 1 1 1 1 0 0 0] [0 0 0 0 0 0 0 0] [0 1 0 0 0 0 0 0]
30 [0 0 0 1 1 1 0 0] [0 1 1 1 1 0 0 0] [0 0 0 0 0 0 0 1] [0 1 0 0 0 0 0 0]
31 [0 0 0 1 1 1 0 0] [0 1 1 1 1 0 0 0] [0 0 0 0 0 0 0 1] [1 1 0 0 0 0 0 0]
32 [0 0 0 1 1 1 0 0] [0 1 1 1 1 0 0 0] [0 0 0 0 0 0 0 1] [0 1 0 0 0 0 0 0]
33 [1 1 0 0 0 0 0 0] [0 0 0 0 0 0 0 0] [0 0 0 0 0 0 0 0] [0 0 0 0 0 0 0 0]
34 [0 0 0 0 0 0 0 0] [0 0 0 0 0 0 0 0] [0 0 0 0 0 0 0 0] [0 0 0 0 0 0 0 0]
35 [0 0 0 0 0 0 0 0] [0 0 0 0 0 0 0 0] [0 0 0 0 0 0 0 0] [0 0 0 0 0 0 0 0]
36 [0 0 0 0 0 0 0 0] [0 0 0 0 0 0 0 0] [0 0 0 0 0 0 0 0] [0 0 0 0 0 0 0 0]
37 [0 0 0 0 0 0 0 0] [0 0 0 0 0 0 0 0] [0 0 0 0 0 0 0 0] [0 0 0 0 0 0 0 0]
38 [0 0 0 0 0 0 0 0] [0 0 0 0 0 0 0 0] [0 0 0 0 0 0 0 0] [0 0 0 0 0 0 0 0]
39 [0 0 0 0 0 0 0 0] [0 0 0 0 0 0 0 0] [0 0 0 0 0 0 0 0] [0 0 0 0 0 0 0 0]
40 [0 0 1 0 0 0 0 0] [0 0 0 0 0 0 0 0] [0 1 0 0 0 0 0 0] [0 0 0 0 0 0 0 0]
41 [0 0 0 1 0 1 0 0] [0 0 1 1 1 0 0 0] [0 0 0 0 0 0 0 1] [1 1 0 0 0 0 0 0]
42 [0 1 1 1 0 0 0 0] [0 0 0 0 0 1 0 0] [0 0 1 0 0 0 0 0] [0 0 0 0 0 0 0 0]
43 [0 0 1 1 0 0 0 0] [0 0 0 0 0 0 0 0] [0 0 0 0 0 0 0 0] [0 0 1 1 0 0 0 1]
44 [0 0 0 0 0 0 0 0] [0 0 0 0 0 0 0 0] [0 0 0 0 0 0 0 0] [0 0 1 1 0 0 1 1]
45 [0 0 0 0 0 0 0 0] [0 0 0 0 0 0 0 0] [0 0 0 0 0 0 0 0] [0 0 0 0 0 0 0 0]
46 [0 0 0 0 0 0 0 0] [0 0 0 0 0 0 0 0] [0 1 0 1 0 0 0 0] [0 0 0 0 0 0 0 0]
47 [0 0 0 0 0 0 0 0] [0 0 0 0 0 0 0 0] [0 0 0 0 0 0 0 0] [0 0 0 0 0 0 0 0]
48 [1 0 0 1 1 0 0 0] [0 0 1 1 1 0 0 0] [0 0 0 0 0 0 0 0] [0 0 0 0 0 0 0 0]
49 [1 0 0 0 0 1 0 0] [0 0 0 0 0 0 0 0] [0 0 0 0 0 0 0 0] [0 0 0 0 0 0 0 0]
50 [0 0 0 0 0 1 0 0] [0 0 0 0 0 0 0 0] [0 0 0 0 0 0 0 0] [0 0 0 0 0 0 0 0]
51 [0 0 0 0 0 0 0 0] [0 0 0 0 0 0 0 0] [0 0 0 0 0 0 0 0] [0 0 0 0 0 0 0 0]
52 [0 0 0 0 0 0 0 0] [0 0 0 0 0 0 0 0] [0 0 0 0 0 0 0 0] [0 0 0 0 0 0 0 0]
53 [0 0 0 0 0 0 0 0] [0 0 0 0 0 0 0 0] [0 0 0 0 0 0 0 0] [0 0 0 0 0 0 0 0]
54 [0 0 0 0 0 0 0 0] [0 0 0 0 0 0 0 0] [0 0 0 0 0 0 0 0] [0 0 0 0 0 0 0 0]
55 [0 0 0 0 0 0 0 0] [0 0 0 0 0 0 0 0] [0 0 0 0 0 0 0 0] [0 0 0 0 0 0 0 0]
56 [0 0 0 0 0 0 0 0] [0 0 0 0 0 0 0 0] [0 0 0 0 0 0 0 0] [0 0 0 0 0 0 0 0]
57 [0 0 0 0 0 0 0 0] [0 0 0 0 0 0 0 0] [0 0 0 0 0 0 0 0] [0 0 0 0 0 0 0 0]
58 [0 0 0 0 0 0 0 0] [0 0 0 0 0 0 0 0] [0 0 0 0 0 0 0 0] [0 0 0 0 0 0 0 0]
59 [0 0 0 0 0 0 0 0] [0 0 0 0 0 0 0 0] [0 0 0 0 0 0 0 0] [0 0 0 0 0 0 0 0]
60 [0 0 0 0 0 0 0 0] [0 0 0 0 0 0 0 0] [0 0 0 0 0 0 0 0] [0 0 0 0 0 0 0 0]
61 [0 0 0 0 0 0 0 0] [0 0 0 0 0 0 0 0] [0 0 0 0 0 0 0 0] [0 0 0 0 0 0 0 0]
62 [0 0 0 0 0 0 0 0] [0 0 0 0 0 0 0 0] [0 0 0 0 0 0 0 0] [0 0 0 0 0 0 0 0]
63 [0 0 0 0 0 0 0 0] [0 0 0 0 0 0 0 0] [0 0 0 0 0 0 0 0] [0 0 0 0 0 0 0 0]
64 [0 0 0 0 0 0 0 0] [0 0 0 0 0 0 0 0] [0 0 0 0 0 0 0 0] [0 0 0 0 0 0 0 0]
65 [0 0 0 0 0 0 0 0] [0 0 0 0 0 0 0 0] [0 0 0 0 0 0 0 0] [0 0 0 0 0 0 0 0]
66 [0 0 0 0 0 0 0 0] [0 0 0 0 0 0 0 0] [0 0 0 0 0 0 0 0] [0 0 0 0 0 0 0 0]
67 [0 0 0 0 0 0 0 0] [0 0 0 0 0 0 0 0] [0 0 0 0 0 0 0 0] [0 0 0 0 0 0 0 0]
68 [0 0 0 0 0 0 0 0] [0 0 0 0 0 0 0 0] [0 0 0 0 0 0 0 0] [0 0 0 0 0 0 0 0]
69 [0 0 0 0 0 0 0 0] [0 0 0 0 0 0 0 0] [0 0 0 0 0 0 0 0] [0 0 0 0 0 0 0 0]
70 [0 0 0 0 0 0 0 0] [0 0 0 0 0 0 0 0] [0 0 0 0 0 0 0 0] [0 0 0 0 0 0 0 0]
71 [0 0 0 0 0 0 0 0] [0 0 0 0 0 0 0 0] [0 0 0 0 0 0 0 0] [0 0 0 0 0 0 0 0]
72 [0 0 0 0 0 0 0 0] [0 0 0 0 0 0 0 0] [0 0 0 0 0 0 0 0] [0 0 0 0 0 0 0 0]
73 [0 0 0 0 0 0 0 0] [0 0 0 0 0 0 0 0] [0 0 0 0 0 0 0 0] [0 0 0 0 0 0 0 0]
74 [0 0 0 0 0 0 0 0] [0 0 0 0 0 0 0 0] [0 0 0 0 0 0 0 0] [0 0 0 0 0 0 0 0]
75 [0 0 0 0 0 0 0 0] [0 0 0 0 0 0 0 0] [0 0 0 0 0 0 0 0] [0 0 0 0 0 0 0 0]
76 [0 0 0 0 0 0 0 0] [0 0 0 0 0 0 0 0] [0 0 0 0 0 0 0 0] [0 0 0 0 0 0 0 0]
77 [0 0 0 0 0 0 0 0] [0 0 0 0 0 0 0 0] [0 0 0 0 0 0 0 0] [0 0 0 0 0 0 0 0]
78 [0 0 0 0 0 0 0 0] [0 0 0 0 0 0 0 0] [0 0 0 0 0 0 0 0] [0 0 0 0 0 0 0 0]
79 [0 0 0 0 0 0 0 0] [0 0 0 0 0 0 0 0] [0 0 0 0 0 0 0 0] [0 0 0 0 0 0 0 0]
80 [0 0 0 0 0 0 0 0] [0 0 0 0 0 0 0 0] [0 0 0 0 0 0 0 0] [0 0 0 0 0 0 0 0]
81 [0 0 0 0 0 0 0 0] [0 0 0 0 0 0 0 0] [0 0 0 0 0 0 0 0] [0 0 0 0 0 0 0 0]
82 [0 0 0 0 0 0 0 0] [0 0 0 0 0 0 0 0] [0 0 0 0 0 0 0 0] [0 0 0 0 0 0 0 0]
83 [0 0 0 0 0 0 0 0] [0 0 0 0 0 0 0 0] [0 0 0 0 0 0 0 0] [0 0 0 0 0 0 0 0]
84 [0 0 0 0 0 0 0 0] [0 0 0 0 0 0 0 0] [0 0 0 0 0 0 0 0] [0 0 0 0 0 0 0 0]
85 [0 0 0 0 0 0 0 0] [0 0 0 0 0 0 0 0] [0 0 0 0 0 0 0 0] [0 0 0 0 0 0 0 0]
86 [0 0 0 0 0 0 0 0] [0 0 0 0 0 0 0 0] [0 0 0 0 0 0 0 0] [0 0 0 0 0 0 0 0]
87 [0 0 0 0 0 0 0 0] [0 0 0 0 0 0 0 0] [0 0 0 0 0 0 0 0] [0 0 0 0 0 0 0 0]
88 [0 0 0 0 0 0 0 0] [0 0 0 0 0 0 0 0] [0 0 0 0 0 0 0 0] [0 0 0 0 0 0 0 0]
89 [0 0 0 0 0 0 0 0] [0 0 0 0 0 0 0 0] [0 0 0 0 0 0 0 0] [0 0 0 0 0 0 0 0]
90 [0 0 0 0 0 0 0 0] [0 0 0 0 0 0 0 0] [0 0 0 0 0 0 0 0] [0 0 0 0 0 0 0 0]
91 [0 0 0 0 0 0 0 0] [0 0 0 0 0 0 0 0] [0 0 0 0 0 0 0 0] [0 0 0 0 0 0 0 0]
92 [0 0 0 0 0 0 0 0] [0 0 0 0 0 0 0 0] [0 0 0 0 0 0 0 0] [0 0 0 0 0 0 0 0]
93 [0 0 0 0 0 0 0 0] [0 0 0 0 0 0 0 0] [0 0 0 0 0 0 0 0] [0 0 0 0 0 0 0 0]
94 [0 0 0 0 0 0 0 0] [0 0 0 0 0 0 0 0] [0 0 0 0 0 0 0 0] [0 0 0 0 0 0 0 0]
95 [0 0 0 0 0 0 0 0] [0 0 0 0 0 0 0 0] [0 0 0 0 0 0 0 0] [0 0 0 0 0 0 0 0]
96 [0 0 0 0 0 0 0 0] [0 0 0 0 0 0 0 0] [0 0 0 0 0 0 0 0] [0 0 0 0 0 0 0 0]
97 [0 0 0 0 0 0 0 0] [0 0 0 0 0 0 0 0] [0 0 0 0 0 0 0 0] [0 0 0 0 0 0 0 0]
98 [0 0 0 0 0 0 0 0] [0 0 0 0 0 0 0 0] [0 0 0 0 0 0 0 0] [0 0 0 0 0 0 0 0]
99 [0 0 0 0 0 0 0 0] [0 0 0 0 0 0 0 0] [0 0 0 0 0 0 0 0] [0 0 0 0 0 0 0 0]
100 [0 0 0 0 0 0 0 0] [0 0 0 0 0 0 0 0] [0 0 0 0 0 0 0 0] [0 0 0 0 0 0 0 0]
101 [0 0 0 0 0 0 0 0] [0 0 0 0 0 0 0 0] [0 0 0 0 0 0 0 0] [0 0 0 0 0 0 0 0]
102 [0 0 0 0 0 0 0 0] [0 0 0 0 0 0 0 0] [0 0 0 0 0 0 0 0] [0 0 0 0 0 0 0 0]
103 [0 0 0 0 0 0 0 0] [0 0 0 0 0 0 0 0] [0 0 0 0 0 0 0 0] [0 0 0 0 0 0 0 0]
104 [0 0 0 0 0 0 0 0] [0 0 0 0 0 0 0 0] [0 0 0 0 0 0 0 0] [0 0 0 0 0 0 0 0]
105 [0 0 0 0 0 0 0 0] [0 0 0 0 0 0 0 0] [0 0 0 0 0 0 0 0] [0 0 0 0 0 0 0 0]
106 [0 0 0 0 0 0 0 0] [0 0 0 0 0 0 0 0] [0 0 0 0 0 0 0 0] [0 0 0 0 0 0 0 0]
107 [0 0 0 0 0 0 0 0] [0 0 0 0 0 0 0 0] [0 0 0 0 0 0 0 0] [0 0 0 0 0 0 0 0]
108 [0 0 0 0 0 0 0 0] [0 0 0 0 0 0 0 0] [0 0 0 0 0 0 0 0] [0 0 0 0 0 0 0 0]
109 [0 0 0 0 0 0 0 0] [0 0 0 0 0 0 0 0] [0 0 0 0 0 0 0 0] [0 0 0 0 0 0 0 0]
110 [0 0 0 0 0 0 0 0] [0 0 0 0 0 0 0 0] [0 0 0 0 0 0 0 0] [0 0 0 0 0 0 0 0]
111 [0 0 0 0 0 0 0 0] [0 0 0 0 0 0 0 0] [0 0 0 0 0 0 0 0] [0 0 0 0 0 0 0 0]
112 [0 0 0 0 0 0 0 0] [0 0 0 0 0 0 0 0] [0 0 0 0 0 0 0 0] [0 0 0 0 0 0 0 0]
113 [0 0 0 0 0 0 0 0] [0 0 0 0 0 0 0 0] [0 0 0 0 0 0 0 0] [0 0 0 0 0 0 0 0]
114 [0 0 0 0 0 0 0 0] [0 0 0 0 0 0 0 0] [0 0 0 0 0 0 0 0] [0 0 0 0 0 0 0 0]
115 [0 0 0 0 0 0 0 0] [0 0 0 0 0 0 0 0] [0 0 0 0 0 0 0 0] [0 0 0 0 0 0 0 0]
116 [0 0 0 0 0 0 0 0] [0 0 0 0 0 0 0 0] [0 0 0 0 0 0 0 0] [0 0 0 0 0 0 0 0]
117 [0 0 0 0 0 0 0 0] [0 0 0 0 0 0 0 0] [0 0 0 0 0 0 0 0] [0 0 0 0 0 0 0 0]
118 [0 0 0 0 0 0 0 0] [0 0 0 0 0 0 0 0] [0 0 0 0 0 0 0 0] [0 0 0 0 0 0 0 0]
119 [0 0 0 0 0 0 0 0] [0 0 0 0 0 0 0 0] [0 0 0 0 0 0 0 0] [0 0 0 0 0 0 0 0]
120 [0 0 0 0 0 0 0 0] [0 0 0 0 0 0 0 0] [0 0 0 0 0 0 0 0] [0 0 0 0 0 0 0 0]
121 [0 0 0 0 0 0 0 0] [0 0 0 0 0 0 0 0] [0 0 0 0 0 0 0 0] [0 0 0 0 0 0 0 0]
122 [0 0 0 0 0 0 0 0] [0 0 0 0 0 0 0 0] [0 0 0 0 0 0 0 0] [0 0 0 0 0 0 0 0]
123 [0 0 0 0 0 0 0 0] [0 0 0 0 0 0 0 0] [0 0 0 0 0 0 0 0] [0 0 0 0 0 0 0 0]
124 [0 0 0 0 0 0 0 0] [0 0 0 0 0 0 0 0] [0 0 0 0 0 0 0 0] [0 0 0 0 0 0 0 0]
125 [0 0 0 0 0 0 0 0] [0 0 0 0 0 0 0 0] [0 0 0 0 0 0 0 0] [0 0 0 0 0 0 0 0]
126 [0 0 0 0 0 0 0 0] [0 0 0 0 0 0 0 0] [0 0 0 0 0 0 0 0] [0 0 0 0 0 0 0 0]
127 [0 0 0 0 0 0 0 0] [0 0 0 0 0 0 0 0] [0 0 0 0 0 0 0 0] [0 0 0 0 0 0 0 0]
128 [0 0 0 0 0 0 0 0] [0 0 0 0 0 0 0 0] [0 0 0 0 0 0 0 0] [0 0 0 0 0 0 0 0]
129 [0 0 0 0 0 0 0 0] [0 0 0 0 0 0 0 0] [0 0 0 0 0 0 0 0] [0 0 0 0 0 0 0 0]
130 [0 0 0 0 0 0 0 0] [0 0 0 0 0 0 0 0] [0 0 0 0 0 0 0 0] [0 0 0 0 0 0 0 0]
131 [0 0 0 0 0 0 0 0] [0 0 0 0 0 0 0 0] [0 0 0 0 0 0 0 0] [0 0 0 0 0 0 0 0]
132 [0 0 0 0 0 0 0 0] [0 0 0 0 0 0 0 0] [0 0 0 0 0 0 0 0] [0 0 0 0 0 0 0 0]
133 [0 0 0 0 0 0 0 0] [0 0 0 0 0 0 0 0] [0 0 0 0 0 0 0 0] [0 0 0 0 0 0 0 0]
134 [0 0 0 0 0 0 0 0] [0 0 0 0 0 0 0 0] [0 0 0 0 0 0 0 0] [0 0 0 0 0 0 0 0]
135 [0 0 0 0 0 0 0 0] [0 0 0 0 0 0 0 0] [0 0 0 0 0 0 0 0] [0 0 0 0 0 0 0 0]
136 [0 0 0 0 0 0 0 0] [0 0 0 0 0 0 0 0] [0 0 0 0 0 0 0 0] [0 0 0 0 0 0 0 0]
137 [0 0 0 0 0 0 0 0] [0 0 0 0 0 0 0 0] [0 0 0 0 0 0 0 0] [0 0 0 0 0 0 0 0]
138 [0 0 0 0 0 0 0 0] [0 0 0 0 0 0 0 0] [0 0 0 0 0 0 0 0] [0 0 0 0 0 0 0 0]
139 [0 0 0 0 0 0 0 0] [0 0 0 0 0 0 0 0] [0 0 0 0 0 0 0 0] [0 0 0 0 0 0 0 0]
140 [0 0 0 0 0 0 0 0] [0 0 0 0 0 0 0 0] [0 0 0 0 0 0 0 0] [0 0 0 0 0 0 0 0]
141 [0 0 0 0 0 0 0 0] [0 0 0 0 0 0 0 0] [0 0 0 0 0 0 0 0] [0 0 0 0 0 0 0 0]
142 [0 0 0 0 0 0 0 0] [0 0 0 0 0 0 0 0] [0 0 0 0 0 0 0 0] [0 0 0 0 0 0 0 0]
143 [0 0 0 0 0 0 0 0] [0 0 0 0 0 0 0 0] [0 0 0 0 0 0 0 0] [0 0 0 0 0 0 0 0]
144 [0 0 0 0 0 0 0 0] [0 0 0 0 0 0 0 0] [0 0 0 0 0 0 0 0] [0 0 0 0 0 0 0 0]
145 [0 0 0 0 0 0 0 0] [0 0 0 0 0 0 0 0] [0 0 0 0 0 0 0 0] [0 0 0 0 0 0 0 0]
146 [0 0 0 0 0 0 0 0] [0 0 0 0 0 0 0 0] [0 0 0 0 0 0 0 0] [0 0 0 0 0 0 0 0]
147 [0 0 0 0 0 0 0 0] [0 0 0 0 0 0 0 0] [0 0 0 0 0 0 0 0] [0 0 0 0 0 0 0 0]
148 [0 0 0 0 0 0 0 0] [0 0 0 0 0 0 0 0] [0 0 0 0 0 0 0 0] [0 0 0 0 0 0 0 0]
149 [0 0 0 0 0 0 0 0] [0 0 0 0 0 0 0 0] [0 0 0 0 0 0 0 0] [0 0 0 0 0 0 0 0]
150 [0 0 0 0 0 0 0 0] [0 0 0 0 0 0 0 0] [0 0 0 0 0 0 0 0] [0 0 0 0 0 0 0 0]
151 [0 0 0 0 0 0 0 0] [0 0 0 0 0 0 0 0] [0 0 0 0 0 0 0 0] [0 0 0 0 0 0 0 0]
152 [0 0 0 0 0 0 0 0] [0 0 0 0 0 0 0 0] [0 0 0 0 0 0 0 0] [0 0 0 0 0 0 0 0]
153 [0 0 0 0 0 0 0 0] [0 0 0 0 0 0 0 0] [0 0 0 0 0 0 0 0] [0 0 0 0 0 0 0 0]
154 [0 0 0 0 0 0 0 0] [0 0 0 0 0 0 0 0] [0 0 0 0 0 0 0 0] [0 0 0 0 0 0 0 0]
155 [0 0 0 0 0 0 0 0] [0 0 0 0 0 0 0 0] [0 0 0 0 0 0 0 0] [0 0 0 0 0 0 0 0]
156 [0 0 0 0 0 0 0 0] [0 0 0 0 0 0 0 0] [0 0 0 0 0 0 0 0] [0 0 0 0 0 0 0 0]
157 [0 0 0 0 0 0 0 0] [0 0 0 0 0 0 0 0] [0 0 0 0 0 0 0 0] [0 0 0 0 0 0 0 0]
158 [0 0 0 0 0 0 0 0] [0 0 0 0 0 0 0 0] [0 0 0 0 0 0 0 0] [0 0 0 0 0 0 0 0]
159 [0 0 0 0 0 0 0 0] [0 0 0 0 0 0 0 0] [0 0 0 0 0 0 0 0] [0 0 0 0 0 0 0 0]
160 [0 0 0 0 0 0 0 0] [0 0 0 0 0 0 0 0] [0 0 0 0 0 0 0 0] [0 0 0 0 0 0 0 0]
161 [0 0 0 0 0 0 0 0] [0 0 0 0 0 0 0 0] [0 0 0 0 0 0 0 0] [0 0 0 0 0 0 0 0]
162 [0 0 0 0 0 0 0 0] [0 0 0 0 0 0 0 0] [0 0 0 0 0 0 0 0] [0 0 0 0 0 0 0 0]
163 [0 0 0 0 0 0 0 0] [0 0 0 0 0 0 0 0] [0 0 0 0 0 0 0 0] [0 0 0 0 0 0 0 0]
164 [0 0 0 0 0 0 0 0] [0 0 0 0 0 0 0 0] [0 0 0 0 0 0 0 0] [0 0 0 0 0 0 0 0]
165 [0 0 0 0 0 0 0 0] [0 0 0 0 0 0 0 0] [0 0 0 0 0 0 0 0] [0 0 0 0 0 0 0 0]
166 [0 0 0 0 0 0 0 0] [0 0 0 0 0 0 0 0] [0 0 0 0 0 0 0 0] [0 0 0 0 0 0 0 0]
167 [0 0 0 0 0 0 0 0] [0 0 0 0 0 0 0 0] [0 0 0 0 0 0 0 0] [0 0 0 0 0 0 0 0]
168 [0 0 0 0 0 0 0 0] [0 0 0 0 0 0 0 0] [0 0 0 0 0 0 0 0] [0 0 0 0 0 0 0 0]
169 [0 0 0 0 0 0 0 0] [0 0 0 0 0 0 0 0] [0 0 0 0 0 0 0 0] [0 0 0 0 0 0 0 0]
170 [0 0 0 0 0 0 0 0] [0 0 0 0 0 0 0 0] [0 0 0 0 0 0 0 0] [0 0 0 0 0 0 0 0]
171 [0 0 0 0 0 0 0 0] [0 0 0 0 0 0 0 0] [0 0 0 0 0 0 0 0] [0 0 0 0 0 0 0 0]
172 [0 0 0 0 0 0 0 0] [0 0 0 0 0 0 0 0] [0 0 0 0 0 0 0 0] [0 0 0 0 0 0 0 0]
173 [0 0 0 0 0 0 0 0] [0 0 0 0 0 0 0 0] [0 0 0 0 0 0 0 0] [0 0 0 0 0 0 0 0]
174 [0 0 0 0 0 0 0 0] [0 0 0 0 0 0 0 0] [0 0 0 0 0 0 0 0] [0 0 0 0 0 0 0 0]
175 [0 0 0 0 0 0 0 0] [0 0 0 0 0 0 0 0] [0 0 0 0 0 0 0 0] [0 0 0 0 0 0 0 0]
176 [0 0 0 0 0 0 0 0] [0 0 0 0 0 0 0 0] [0 0 0 0 0 0 0 0] [0 0 0 0 0 0 0 0]
177 [0 0 0 0 0 0 0 0] [0 0 0 0 0 0 0 0] [0 0 0 0 0 0 0 0] [0 0 0 0 0 0 0 0]
178 [0 0 0 0 0 0 0 0] [0 0 0 0 0 0 0 0] [0 0 0 0 0 0 0 0] [0 0 0 0 0 0 0 0]
179 [0 0 0 0 0 0 0 0] [0 0 0 0 0 0 0 0] [0 0 0 0 0 0 0 0] [0 0 0 0 0 0 0 0]
180 [0 0 0 0 0 0 0 0] [0 0 0 0 0 0 0 0] [0 0 0 0 0 0 0 0] [0 0 0 0 0 0 0 0]
181 [0 0 0 0 0 0 0 0] [0 0 0 0 0 0 0 0] [0 0 0 0 0 0 0 0] [0 0 0 0 0 0 0 0]



[midi-clock]
16
# [1] seq192 1
0 0
# [2] seq192 2
1 0
# [3] seq192 3
2 0
# [4] seq192 4
3 0
# [5] seq192 5
4 0
# [6] seq192 6
5 0
# [7] seq192 7
6 0
# [8] seq192 8
7 0
# [9] seq192 9
8 0
# [10] seq192 10
9 0
# [11] seq192 11
10 0
# [12] seq192 12
11 0
# [13] seq192 13
12 0
# [14] seq192 14
13 0
# [15] seq192 15
14 0
# [16] seq192 16
15 0


[midi-clock-mod-ticks]
64



[midi-input]
1
# [0] seq192 0
0 0



[manual-alsa-ports]
# set to 1 if you want seq192 to create its own alsa ports and
# not connect to other clients
1



[interaction-method]
# 0 - 'seq192' (original seq192 method)
# 1 - 'fruity' (similar to a certain fruity sequencer we like)
0



[keyboard-control]
# Key #, Sequence # 
1
65535  31        # Delete



[keyboard-group]
# Key #, group # 
100
38  13        # ampersand
39  16        # apostrophe
41  23        # parenright
42  50        # asterisk
43  72        # plus
44  57        # comma
45  18        # minus
46  104        # period
48  70        # 0
49  61        # 1
50  62        # 2
51  63        # 3
52  64        # 4
53  65        # 5
54  66        # 6
55  67        # 7
56  68        # 8
57  69        # 9
58  59        # colon
61  24        # equal
62  96        # greater
63  103        # question
65  73        # A
68  87        # D
75  92        # K
76  93        # L
79  81        # O
80  82        # P
90  74        # Z
95  20        # underscore
97  27        # a
98  55        # b
100  41        # d
101  29        # e
102  42        # f
103  43        # g
104  44        # h
105  34        # i
106  45        # j
107  46        # k
108  47        # l
109  48        # m
110  56        # n
111  35        # o
112  36        # p
113  39        # q
114  30        # r
115  40        # s
116  31        # t
117  33        # u
118  54        # v
119  51        # w
120  52        # x
121  32        # y
122  28        # z
163  84        # sterling
167  106        # section
176  71        # degree
178  12        # twosuperior
224  22        # agrave
231  21        # ccedilla
232  19        # egrave
233  14        # eacute
249  49        # ugrave
65106  37        # dead_circumflex
65111  83        # dead_diaeresis
65288  25        # BackSpace
65289  26        # Tab
65360  9        # Home
65361  124        # Left
65362  125        # Up
65363  127        # Right
65364  126        # Down
65421  123        # KP_Enter
65429  107        # KP_Home
65430  110        # KP_Left
65431  108        # KP_Up
65432  112        # KP_Right
65433  114        # KP_Down
65434  109        # KP_Page_Up
65435  115        # KP_Page_Down
65436  113        # KP_End
65437  15        # KP_Begin
65438  116        # KP_Insert
65439  117        # KP_Delete
65450  120        # KP_Multiply
65451  122        # KP_Add
65453  121        # KP_Subtract
65455  119        # KP_Divide
65470  0        # F1
65471  1        # F2
65472  2        # F3
65473  3        # F4
65474  4        # F5
65475  5        # F6
65476  6        # F7
65477  7        # F8
65478  8        # F9
65480  10        # F11
65481  11        # F12
# bpm up, down
65366 65365        # Page_Down Page_Up
# screen set up, down, play
93 91 65367        # bracketright bracketleft End
# screenset chosen by number
# screenset 0
32614        # 